1. SVM:
[[ 91  29   6   0]
 [  9 235  38   1]
 [  9  59 183   2]
 [  0   9  20  16]]

     class 0       0.83      0.72      0.77       126
     class 1       0.71      0.83      0.76       283
      class2       0.74      0.72      0.73       253
      class3       0.84      0.36      0.50        45

   avg       0.74      0.74      0.74       707


2. 线性拟合：
[[ 80  40   6   0]
 [ 12 217  54   0]
 [  8  56 189   0]
 [  0  16  29   0]]

     class 0       0.80      0.63      0.71       126
     class 1       0.66      0.77      0.71       283
      class2       0.68      0.75      0.71       253
      class3       0.00      0.00      0.00        45

   avg       0.69      0.69      0.69       707


3. 多项式拟合：
[[ 89  32   5   0]
 [  9 256  16   2]
 [  5  81 166   1]
 [  0  10  17  18]]


     class 0       0.86      0.71      0.78       126
     class 1       0.68      0.90      0.77       283
      class2       0.81      0.66      0.73       253
      class3       0.86      0.40      0.55        45

        avg       0.75      0.75      0.75       707

4. 随机森林：

     class 0       0.62      0.38      0.48        
     class 1       0.59      0.71      0.65        
      class2       0.68      0.68      0.68        
      class3       0.50      0.40      0.44         

   avg       0.62      0.62      0.62        

5. 逻辑回归：

     class 0       0.73      0.62      0.67        
     class 1       0.64      0.75      0.69        
      class2       0.77      0.80      0.78        
      class3       0.00      0.00      0.00         

   avg       0.69      0.69      0.69        
